  0.00000000000000000E+00  0.00000000000000000E+00  5.26315789473684181E-02  1.05263157894736836E-01  1.57894736842105254E-01  2.10526315789473673E-01  2.63157894736842091E-01  3.15789473684210509E-01  3.68421052631578927E-01  4.21052631578947345E-01  4.73684210526315763E-01  5.26315789473684181E-01  5.78947368421052655E-01  6.31578947368421018E-01  6.84210526315789491E-01  7.36842105263157854E-01  7.89473684210526327E-01  8.42105263157894690E-01  8.94736842105263164E-01  9.47368421052631526E-01  1.00000000000000000E+00
  0.00000000000000000E+00  0.00000000000000000E+00  1.64594590280733897E+01  3.24699469204683453E+01  4.75947393037073496E+01  6.14212712689667839E+01  7.35723910673131627E+01  8.37166478262528528E+01  9.15773326655057360E+01  9.69400265939330410E+01  9.96584493006669874E+01  9.96584493006669874E+01  9.69400265939330410E+01  9.15773326655057502E+01  8.37166478262528813E+01  7.35723910673131627E+01  6.14212712689667910E+01  4.75947393037073709E+01  3.24699469204683595E+01  1.64594590280734039E+01  0.00000000000000000E+00
  2.74122807017543941E+01  0.00000000000000000E+00  1.63472162441537812E+01  3.22485230431793610E+01  4.72701741992124553E+01  6.10024182272385218E+01  7.30706753074614852E+01  8.31457548463311582E+01  9.09528349377993379E+01  9.62789587885096978E+01  9.89788436239834937E+01  9.89788436239834937E+01  9.62789587885096978E+01  9.09528349377993521E+01  8.31457548463311724E+01  7.30706753074614994E+01  6.10024182272385289E+01  4.72701741992124767E+01  3.22485230431793752E+01  1.63472162441537918E+01  0.00000000000000000E+00
  5.48245614035087883E+01  0.00000000000000000E+00  1.62357388828717291E+01  3.20286091324312423E+01  4.69478224172107019E+01  6.05864214902877478E+01  7.25723809221231591E+01  8.25787549844807813E+01  9.03325958776098901E+01  9.56223990347005497E+01  9.83038724151150518E+01  9.83038724151150518E+01  9.56223990347005639E+01  9.03325958776098901E+01  8.25787549844807955E+01  7.25723809221231733E+01  6.05864214902877620E+01  4.69478224172107161E+01  3.20286091324312565E+01  1.62357388828717397E+01  0.00000000000000000E+00
  8.22368421052631788E+01  0.00000000000000000E+00  1.61250217245436751E+01  3.18101948912362289E+01  4.66276688642850985E+01  6.01732615799773356E+01  7.20774845797537154E+01  8.20156216921736529E+01  8.97165864436002778E+01  9.49703165905315103E+01  9.76335040700114263E+01  9.76335040700114263E+01  9.49703165905315245E+01  8.97165864436002778E+01  8.20156216921736672E+01  7.20774845797537296E+01  6.01732615799773498E+01  4.66276688642851127E+01  3.18101948912362431E+01  1.61250217245436858E+01  0.00000000000000000E+00
  1.09649122807017577E+02  0.00000000000000000E+00  1.60150595850808948E+01  3.15932700928253070E+01  4.63096985499459421E+01  5.97629191509983713E+01  7.15859631079146084E+01  8.14563286019253212E+01  8.91047777924764262E+01  9.43226809236686847E+01  9.69677072001414473E+01  9.69677072001414473E+01  9.43226809236686847E+01  8.91047777924764404E+01  8.14563286019253354E+01  7.15859631079146226E+01  5.97629191509983855E+01  4.63096985499459564E+01  3.15932700928253212E+01  1.60150595850809054E+01  0.00000000000000000E+00
  1.37061403508771974E+02  0.00000000000000000E+00  1.59058473157467741E+01  3.13778245801693636E+01  4.59938965859288942E+01  5.93553749899643250E+01  7.10977934921882309E+01  8.09008495260604263E+01  8.84971412776367146E+01  9.36794617099888143E+01  9.63064506310232531E+01  9.63064506310232531E+01  9.36794617099888143E+01  8.84971412776367288E+01  8.09008495260604263E+01  7.10977934921882451E+01  5.93553749899643321E+01  4.59938965859289084E+01  3.13778245801693743E+01  1.59058473157467830E+01  0.00000000000000000E+00
  1.64473684210526358E+02  0.00000000000000000E+00  1.57973798029157280E+01  3.11638482655035993E+01  4.56802481854978666E+01  5.89506100145114402E+01  7.06129528751003051E+01  8.03491584554864460E+01  8.78936484478306710E+01  9.30406288321593991E+01  9.56497034007646505E+01  9.56497034007646505E+01  9.30406288321593991E+01  8.78936484478306710E+01  8.03491584554864602E+01  7.06129528751003193E+01  5.89506100145114544E+01  4.56802481854978808E+01  3.11638482655036100E+01  1.57973798029157351E+01  0.00000000000000000E+00
  1.91885964912280770E+02  0.00000000000000000E+00  1.56896519678337647E+01  3.09513311298551983E+01  4.53687386627526905E+01  5.85486052724052612E+01  7.01314185550496205E+01  7.98012295584759670E+01  8.72942710458268039E+01  9.24061523782285263E+01  9.49974347586133376E+01  9.49974347586133376E+01  9.24061523782285263E+01  8.72942710458268039E+01  7.98012295584759812E+01  7.01314185550496347E+01  5.85486052724052755E+01  4.53687386627527047E+01  3.09513311298552090E+01  1.56896519678337700E+01  0.00000000000000000E+00
  2.19298245614035153E+02  0.00000000000000000E+00  1.55826587663806819E+01  3.07402632225742138E+01  4.50593534319414601E+01  5.81493419406532084E+01  6.96531679852451191E+01  7.92570371794570860E+01  8.66989810070895288E+01  9.17760026402243057E+01  9.43496141635171313E+01  9.43496141635171313E+01  9.17760026402243057E+01  8.66989810070895288E+01  7.92570371794571003E+01  6.96531679852451333E+01  5.81493419406532226E+01  4.50593534319414744E+01  3.07402632225742209E+01  1.55826587663806873E+01  0.00000000000000000E+00
  2.46710526315789537E+02  0.00000000000000000E+00  1.54763951888338944E+01  3.05306346608676407E+01  4.47520780067775874E+01  5.77528013246232490E+01  6.91781787726501278E+01  7.87165558378122086E+01  8.61077504584651194E+01  9.11501501127638107E+01  9.37062112826939284E+01  9.37062112826939284E+01  9.11501501127638107E+01  8.61077504584651194E+01  7.87165558378122228E+01  6.91781787726501420E+01  5.77528013246232632E+01  4.47520780067775945E+01  3.05306346608676513E+01  1.54763951888338980E+01  0.00000000000000000E+00
  2.74122807017543948E+02  0.00000000000000000E+00  1.53708562596338574E+01  3.03224356293366917E+01  4.44468979997615179E+01  5.73589648571685515E+01  6.87064286769339247E+01  7.81797602266849196E+01  8.55205517168765681E+01  9.05285654916716709E+01  9.30671959902114025E+01  9.30671959902114025E+01  9.05285654916716709E+01  8.55205517168765681E+01  7.81797602266849196E+01  6.87064286769339390E+01  5.73589648571685657E+01  4.44468979997615250E+01  3.03224356293366988E+01  1.53708562596338609E+01  0.00000000000000000E+00
  3.01535087719298360E+02  0.00000000000000000E+00  1.52660370371511007E+01  3.01156563795171905E+01  4.41437991215070724E+01  5.69678140977581364E+01  6.82378956094303248E+01  7.76466252117950830E+01  8.49373572880274281E+01  8.99112196726078281E+01  9.24325383655764767E+01  9.24325383655764767E+01  8.99112196726078281E+01  8.49373572880274281E+01  7.76466252117950830E+01  6.82378956094303391E+01  5.69678140977581506E+01  4.41437991215070795E+01  3.01156563795171976E+01  1.52660370371511043E+01  0.00000000000000000E+00
  3.28947368421052715E+02  0.00000000000000000E+00  1.51619326134548480E+01  2.99102872294231403E+01  4.38427671800723715E+01  5.65793307316134175E+01  6.77725576321034708E+01  7.71171258302619833E+01  8.43581398651144383E+01  8.92980837497048867E+01  9.18022086923343181E+01  9.18022086923343181E+01  8.92980837497048867E+01  8.43581398651144383E+01  7.71171258302619833E+01  6.77725576321034850E+01  5.65793307316134246E+01  4.38427671800723786E+01  2.99102872294231474E+01  1.51619326134548515E+01  0.00000000000000000E+00
  3.56359649122807127E+02  0.00000000000000000E+00  1.50585381140832091E+01  2.97063185630933759E+01  4.35437880802953288E+01  5.61934965688506693E+01  6.73103929565205874E+01  7.65912372894354689E+01  8.37828723275489438E+01  8.86891290142146289E+01  9.11761774566769532E+01  9.11761774566769532E+01  8.86891290142146289E+01  8.37828723275489438E+01  7.65912372894354689E+01  6.73103929565205874E+01  5.61934965688506765E+01  4.35437880802953288E+01  2.97063185630933830E+01  1.50585381140832126E+01  0.00000000000000000E+00
  3.83771929824561539E+02  0.00000000000000000E+00  1.49558486978149485E+01  2.95037408301413215E+01  4.32468478231336775E+01  5.58102935436293137E+01  6.68513799428318265E+01  7.60689349657351102E+01  8.32115277396869999E+01  8.80843269531637816E+01  9.05544153460613757E+01  9.05544153460613757E+01  8.80843269531637816E+01  8.32115277396869999E+01  7.60689349657351102E+01  6.68513799428318265E+01  5.58102935436293137E+01  4.32468478231336775E+01  2.95037408301413251E+01  1.49558486978149521E+01  0.00000000000000000E+00
  4.11184210526315894E+02  0.00000000000000000E+00  1.48538595564428046E+01  2.93025445453078177E+01  4.29519325050094949E+01  5.54297037133060329E+01  6.63954970987570192E+01  7.55501944034972581E+01  8.26440793495682158E+01  8.74836492480189918E+01  8.99368932478369771E+01  8.99368932478369771E+01  8.74836492480189918E+01  8.26440793495682158E+01  7.55501944034972581E+01  6.63954970987570192E+01  5.54297037133060329E+01  4.29519325050094949E+01  2.93025445453078177E+01  1.48538595564428064E+01  0.00000000000000000E+00
  4.38596491228070306E+02  0.00000000000000000E+00  1.47525659145483559E+01  2.91027202880169824E+01  4.26590283171582101E+01  5.50517092575946450E+01  6.59427230785793341E+01  7.50349913138299343E+01  8.20805005876631668E+01  8.68870677733607977E+01  8.93235822478824844E+01  8.93235822478824844E+01  8.68870677733607977E+01  8.20805005876631668E+01  7.50349913138299343E+01  6.59427230785793341E+01  5.50517092575946450E+01  4.26590283171582101E+01  2.91027202880169824E+01  1.47525659145483576E+01  0.00000000000000000E+00
  4.66008771929824718E+02  0.00000000000000000E+00  1.46519630292784235E+01  2.89042587019351345E+01  4.23681215449820101E+01  5.46762924777317068E+01  6.54930366821458136E+01  7.45233015734755924E+01  8.15207650656292628E+01  8.62945545955668081E+01  8.87144536292520627E+01  8.87144536292520627E+01  8.62945545955668081E+01  8.15207650656292628E+01  7.45233015734755924E+01  6.54930366821458136E+01  5.46762924777317068E+01  4.23681215449820101E+01  2.89042587019351345E+01  1.46519630292784235E+01  0.00000000000000000E+00
  4.93421052631579073E+02  0.00000000000000000E+00  1.45520461901229954E+01  2.87071504945326765E+01  4.20791985674077154E+01  5.43034357956478075E+01  6.50464168538747316E+01  7.40151012236815689E+01  8.09648465750752280E+01  8.57060819715037354E+01  8.81094788708307419E+01  8.81094788708307419E+01  8.57060819715037354E+01  8.09648465750752280E+01  7.40151012236815689E+01  6.50464168538747316E+01  5.43034357956478146E+01  4.20791985674077154E+01  2.87071504945326765E+01  1.45520461901229954E+01  0.00000000000000000E+00
  5.20833333333333485E+02  0.00000000000000000E+00  1.44528107186946677E+01  2.85113864366490155E+01  4.17922458562489822E+01  5.39331217531445191E+01  6.46028426817697152E+01  7.35103664690782779E+01  8.04127190863339365E+01  8.51216223472283673E+01  8.75086296459989939E+01  8.75086296459989939E+01  8.51216223472283673E+01  8.04127190863339365E+01  7.35103664690782779E+01  6.46028426817697152E+01  5.39331217531445191E+01  4.17922458562489822E+01  2.85113864366490155E+01  1.44528107186946677E+01  0.00000000000000000E+00
  5.48245614035087897E+02  0.00000000000000000E+00  1.43542519685095868E+01  2.83169573620604211E+01  4.15072499755728757E+01  5.35653330110769303E+01  6.41622933964405604E+01  7.30090736765650519E+01  7.98643567472436331E+01  8.45411483566974198E+01  8.69118778213063337E+01  8.69118778213063337E+01  8.45411483566974198E+01  7.98643567472436331E+01  7.30090736765650519E+01  6.41622933964405604E+01  5.35653330110769303E+01  4.15072499755728757E+01  2.83169573620604211E+01  1.43542519685095868E+01  0.00000000000000000E+00
  5.75657894736842309E+02  0.00000000000000000E+00  1.42563653247698987E+01  2.81238541670508262E+01  4.12241975810707757E+01  5.32000523485418242E+01  6.37247483701307758E+01  7.25111993742035708E+01  7.93197338819374380E+01  8.39646328204862016E+01  8.63191954551541016E+01  8.63191954551541016E+01  8.39646328204862016E+01  7.93197338819374380E+01  7.25111993742035708E+01  6.37247483701307758E+01  5.32000523485418242E+01  4.12241975810707757E+01  2.81238541670508262E+01  1.42563653247698987E+01  0.00000000000000000E+00
  6.03070175438596721E+02  0.00000000000000000E+00  1.41591462041476568E+01  2.79320678099855826E+01  4.09430754194335478E+01  5.28372626620712964E+01  6.32901871157517348E+01  7.20167202501188370E+01  7.87788249896411656E+01  8.33920487445159893E+01  8.57305547964871266E+01  8.57305547964871266E+01  8.33920487445159893E+01  7.87788249896411656E+01  7.20167202501188370E+01  6.32901871157517348E+01  5.28372626620713035E+01  4.09430754194335478E+01  2.79320678099855826E+01  1.41591462041476568E+01  0.00000000000000000E+00
  6.30482456140351019E+02  0.00000000000000000E+00  1.40625900545702240E+01  2.77415893108880915E+01  4.06638703277309901E+01  5.24769469648319671E+01  6.28585892859234008E+01  7.15256131514076401E+01  7.82416047434792858E+01  8.28233693187900712E+01  8.51459282834943423E+01  8.51459282834943423E+01  8.28233693187900712E+01  7.82416047434792858E+01  7.15256131514076401E+01  6.28585892859234008E+01  5.24769469648319742E+01  4.06638703277309972E+01  2.77415893108880951E+01  1.40625900545702240E+01  0.00000000000000000E+00
  6.57894736842105431E+02  0.00000000000000000E+00  1.39666923550071349E+01  2.75524097510193506E+01  4.03865692327955088E+01  5.21190883858295848E+01  6.24299346720216022E+01  7.10378550830544953E+01  7.77080479892890708E+01  8.22585679161384462E+01  8.45652885423182710E+01  8.45652885423182710E+01  8.22585679161384462E+01  7.77080479892890708E+01  7.10378550830544953E+01  6.24299346720216022E+01  5.21190883858295848E+01  4.03865692327955159E+01  2.75524097510193542E+01  1.39666923550071367E+01  0.00000000000000000E+00
  6.85307017543859843E+02  0.00000000000000000E+00  1.38714486152584051E+01  2.73645202724603358E+01  4.01111591506099856E+01  5.17636701691190666E+01  6.20042032032318247E+01  7.05534232068549159E+01  7.71781297444427707E+01  8.16976180909710621E+01  8.39886083857733183E+01  8.39886083857733183E+01  8.16976180909710621E+01  7.71781297444427707E+01  7.05534232068549159E+01  6.20042032032318247E+01  5.17636701691190737E+01  4.01111591506099927E+01  2.73645202724603394E+01  1.38714486152584069E+01  0.00000000000000000E+00
  7.12719298245614254E+02  0.00000000000000000E+00  1.37768543757442856E+01  2.71779120776972647E+01  3.98376271856998443E+01  5.14106756730199876E+01  6.15813749456094115E+01  7.00722948403461032E+01  7.66518251966778763E+01  8.11404935780395533E+01  8.34158608120727507E+01  8.34158608120727507E+01  8.11404935780395533E+01  7.66518251966778763E+01  7.00722948403461032E+01  6.15813749456094115E+01  5.14106756730199947E+01  3.98376271856998514E+01  2.71779120776972718E+01  1.37768543757442892E+01  0.00000000000000000E+00
  7.40131578947368666E+02  0.00000000000000000E+00  1.36829052072964590E+01  2.69925764292096630E+01  3.95659605305292388E+01  5.10600883693373078E+01  6.11614301011462302E+01  6.95944474557448700E+01  7.61291097029353523E+01  8.05871682912074334E+01  8.28470190035644549E+01  8.28470190035644549E+01  8.05871682912074334E+01  7.61291097029353523E+01  6.95944474557448700E+01  6.11614301011462302E+01  5.10600883693373149E+01  3.95659605305292388E+01  2.69925764292096702E+01  1.36829052072964625E+01  0.00000000000000000E+00
  7.67543859649123078E+02  0.00000000000000000E+00  1.35895967109506444E+01  2.68085046490612555E+01  3.92961464649013621E+01  5.07118918425875194E+01  6.07443490068436631E+01  6.91198586788928253E+01  7.56099587882057449E+01  8.00376163222286721E+01  8.22820563254751960E+01  8.22820563254751960E+01  8.00376163222286721E+01  7.56099587882057449E+01  6.91198586788928253E+01  6.07443490068436631E+01  5.07118918425875265E+01  3.92961464649013692E+01  2.68085046490612626E+01  1.35895967109506479E+01  0.00000000000000000E+00
  7.94956140350877376E+02  0.00000000000000000E+00  1.34969245177406361E+01  2.66256881184936276E+01  3.90281723553628765E+01  5.03660697892300178E+01  6.03301121337919142E+01  6.86485062882087647E+01  7.50943481443832468E+01  7.94918119395345713E+01  8.17209463246635721E+01  8.17209463246635721E+01  7.94918119395345713E+01  7.50943481443832468E+01  6.86485062882087647E+01  6.03301121337919213E+01  5.03660697892300249E+01  3.90281723553628836E+01  2.66256881184936347E+01  1.34969245177406396E+01  0.00000000000000000E+00
  8.22368421052631788E+02  0.00000000000000000E+00  1.34048842884937258E+01  2.64441182775226906E+01  3.87620256546123514E+01  5.00226060169037083E+01  5.99187000862556545E+01  6.81803682136481655E+01  7.45822536291274503E+01  7.89497295870289975E+01  8.11636627283813255E+01  8.11636627283813255E+01  7.89497295870289975E+01  7.45822536291274503E+01  6.81803682136481655E+01  5.99187000862556545E+01  5.00226060169037154E+01  3.87620256546123585E+01  2.64441182775226977E+01  1.34048842884937294E+01  0.00000000000000000E+00
  8.49780701754386200E+02  0.00000000000000000E+00  1.33134717136275356E+01  2.62637866245378646E+01  3.84976939009127790E+01  4.96814844436688574E+01  5.95100936007657992E+01  6.77154225356698589E+01  7.40736512647330159E+01  7.84113438828916856E+01  8.06101794430432506E+01  8.06101794430432506E+01  7.84113438828916856E+01  7.40736512647330159E+01  6.77154225356698589E+01  5.95100936007657992E+01  4.96814844436688645E+01  3.84976939009127790E+01  2.62637866245378717E+01  1.33134717136275391E+01  0.00000000000000000E+00
  8.77192982456140612E+02  0.00000000000000000E+00  1.32226825129482339E+01  2.60846847159040109E+01  3.82351647175080700E+01  4.93426890972540733E+01  5.91042735452175805E+01  6.72536474842096368E+01  7.35685172370068869E+01  7.78766296183899129E+01  8.00604705530053593E+01  8.00604705530053593E+01  7.78766296183899129E+01  7.35685172370068869E+01  6.72536474842096368E+01  5.91042735452175805E+01  4.93426890972540804E+01  3.82351647175080700E+01  2.60846847159040145E+01  1.32226825129482375E+01  0.00000000000000000E+00
  9.04605263157895024E+02  0.00000000000000000E+00  1.31325124354501206E+01  2.59068041655660828E+01  3.79744258120435560E+01  4.90062041143084457E+01  5.87012209179747160E+01  6.67950214376609352E+01  7.30668278941533345E+01  7.73455617566980180E+01  7.95145103193515013E+01  7.95145103193515013E+01  7.73455617566980180E+01  7.30668278941533345E+01  6.67950214376609352E+01  5.87012209179747231E+01  4.90062041143084528E+01  3.79744258120435632E+01  2.59068041655660863E+01  1.31325124354501224E+01  0.00000000000000000E+00
  9.32017543859649436E+02  0.00000000000000000E+00  1.30429572591165801E+01  2.57301366446564614E+01  3.77154649759904075E+01  4.86720137396587944E+01  5.83009168469797032E+01  6.63395229218624820E+01  7.25685597456664055E+01  7.68181154317252179E+01  7.89722731786881269E+01  7.89722731786881269E+01  7.68181154317252179E+01  7.25685597456664055E+01  6.63395229218624820E+01  5.83009168469797032E+01  4.86720137396587944E+01  3.77154649759904146E+01  2.57301366446564650E+01  1.30429572591165837E+01  0.00000000000000000E+00
  9.59429824561403848E+02  0.00000000000000000E+00  1.29540127907224054E+01  2.55546738811049785E+01  3.74582700840740159E+01  4.83401023255719267E+01  5.79033425888701743E+01  6.58871306090927646E+01  7.20736894612301313E+01  7.62942659469512421E+01  7.84337337419474068E+01  7.84337337419474068E+01  7.62942659469512421E+01  7.20736894612301313E+01  6.58871306090927646E+01  5.79033425888701743E+01  4.83401023255719267E+01  3.74582700840740230E+01  2.55546738811049821E+01  1.29540127907224090E+01  0.00000000000000000E+00
  9.86842105263158146E+02  0.00000000000000000E+00  1.28656748656374482E+01  2.53804076592515955E+01  3.72028290937062351E+01  4.80104543310220109E+01  5.75084795281012617E+01  6.54378233170714623E+01  7.15821938696260673E+01  7.57739887742700091E+01  7.78988667931983656E+01  7.78988667931983656E+01  7.57739887742700091E+01  7.15821938696260673E+01  6.54378233170714623E+01  5.75084795281012617E+01  4.80104543310220109E+01  3.72028290937062422E+01  2.53804076592515990E+01  1.28656748656374500E+01  0.00000000000000000E+00
  1.01425438596491256E+03  0.00000000000000000E+00  1.27779393476316230E+01  2.52073298194617195E+01  3.69491300444215227E+01  4.76830543209628814E+01  5.71163091760739974E+01  6.49915800079675705E+01  7.10940499576483944E+01  7.52572595528411057E+01  7.73676472884662729E+01  7.73676472884662729E+01  7.52572595528411057E+01  7.10940499576483944E+01  6.49915800079675705E+01  5.71163091760739974E+01  4.76830543209628814E+01  3.69491300444215227E+01  2.52073298194617230E+01  1.27779393476316248E+01  0.00000000000000000E+00
  1.04166666666666697E+03  0.00000000000000000E+00  1.26908021286812414E+01  2.50354322577441479E+01  3.66971610573169116E+01  4.73578869656053172E+01  5.67268131702696081E+01  6.45483797874143761E+01  7.06092348690263663E+01  7.47440540879492232E+01  7.68400503545599776E+01  7.68400503545599776E+01  7.47440540879492232E+01  7.06092348690263663E+01  6.45483797874143761E+01  5.67268131702696081E+01  4.73578869656053172E+01  3.66971610573169116E+01  2.50354322577441479E+01  1.26908021286812431E+01  0.00000000000000000E+00
  1.06907894736842127E+03  0.00000000000000000E+00  1.26042591287766577E+01  2.48647069253716140E+01  3.64469103344958256E+01  4.70349370396992867E+01  5.63399732733897309E+01  6.41082019035311816E+01  7.01277259033540759E+01  7.42343483498711976E+01  7.63160512879072854E+01  7.63160512879072854E+01  7.42343483498711976E+01  7.01277259033540759E+01  6.41082019035311816E+01  5.63399732733897309E+01  4.70349370396992867E+01  3.64469103344958256E+01  2.48647069253716140E+01  1.26042591287766577E+01  0.00000000000000000E+00
  1.09649122807017579E+03  0.00000000000000000E+00  1.25183062957312323E+01  2.46951458285039287E+01  3.61983661585156398E+01  4.67141894218210325E+01  5.59557713725024826E+01  6.36710257459515390E+01  6.96495005150276256E+01  7.37281184727509356E+01  7.57956255533982670E+01  7.57956255533982670E+01  7.37281184727509356E+01  6.96495005150276256E+01  6.36710257459515390E+01  5.59557713725024826E+01  4.67141894218210325E+01  3.61983661585156398E+01  2.46951458285039287E+01  1.25183062957312323E+01  0.00000000000000000E+00
  1.12390350877193009E+03  0.00000000000000000E+00  1.24329396049915992E+01  2.45267410278136815E+01  3.59515168918390629E+01  4.63956290936650504E+01  5.55741894781943842E+01  6.32368308448582965E+01  6.91745363121894314E+01  7.32253407534819445E+01  7.52787487832364377E+01  7.52787487832364377E+01  7.32253407534819445E+01  6.91745363121894314E+01  6.32368308448582965E+01  5.55741894781943842E+01  4.63956290936650504E+01  3.59515168918390629E+01  2.45267410278136815E+01  1.24329396049915992E+01  0.00000000000000000E+00
  1.15131578947368462E+03  0.00000000000000000E+00  1.23481550594492191E+01  2.43594846381145054E+01  3.57063509762892153E+01  4.60792411393408869E+01  5.51952097237280270E+01  6.28055968700250986E+01  6.87028110556797742E+01  7.27259916505974360E+01  7.47653967757978108E+01  7.47653967757978108E+01  7.27259916505974360E+01  6.87028110556797742E+01  6.28055968700250986E+01  5.51952097237280270E+01  4.60792411393408869E+01  3.57063509762892153E+01  2.43594846381145054E+01  1.23481550594492191E+01  0.00000000000000000E+00
  1.17872807017543892E+03  0.00000000000000000E+00  1.22639486892532368E+01  2.41933688279918613E+01  3.54628569325084584E+01  4.57650107446747541E+01  5.48188143642055081E+01  6.23773036298644996E+01  6.82343026579955279E+01  7.22300477831681178E+01  7.42555454944977100E+01  7.42555454944977100E+01  7.22300477831681178E+01  6.82343026579955279E+01  6.23773036298644996E+01  5.48188143642055081E+01  4.57650107446747541E+01  3.54628569325084584E+01  2.41933688279918613E+01  1.22639486892532368E+01  0.00000000000000000E+00
  1.20614035087719344E+03  0.00000000000000000E+00  1.21803165516245837E+01  2.40283858194363553E+01  3.52210233594208830E+01  4.54529231965158687E+01  5.44449857757375639E+01  6.19519310704825088E+01  6.77689891822559218E+01  7.17374859297073613E+01  7.37491710666653120E+01  7.37491710666653120E+01  7.17374859297073613E+01  6.77689891822559218E+01  6.19519310704825088E+01  5.44449857757375639E+01  4.54529231965158687E+01  3.52210233594208830E+01  2.40283858194363553E+01  1.21803165516245837E+01  0.00000000000000000E+00
  1.23355263157894774E+03  0.00000000000000000E+00  1.20972547306713807E+01  2.38645278874795430E+01  3.49808389336985002E+01  4.51429638820475461E+01  5.40737064546183746E+01  6.15294592747396223E+01  6.73068488411754231E+01  7.12482830270839855E+01  7.32462497824258207E+01  7.32462497824258207E+01  7.12482830270839855E+01  6.73068488411754231E+01  6.15294592747396223E+01  5.40737064546183746E+01  4.51429638820475461E+01  3.49808389336984931E+01  2.38645278874795466E+01  1.20972547306713807E+01  0.00000000000000000E+00
  1.26096491228070204E+03  0.00000000000000000E+00  1.20147593372055752E+01  2.37017873598322417E+01  3.47422924092310197E+01  4.48351182881029899E+01  5.37049590165059811E+01  6.11098684613182570E+01  6.68478599960436100E+01  7.07624161694423037E+01  7.27467580935903584E+01  7.27467580935903584E+01  7.07624161694423037E+01  6.68478599960436100E+01  6.11098684613182570E+01  5.37049590165059811E+01  4.48351182881029899E+01  3.47422924092310197E+01  2.37017873598322417E+01  1.20147593372055770E+01  0.00000000000000000E+00
  1.28837719298245656E+03  0.00000000000000000E+00  1.19328265085608471E+01  2.35401566165252696E+01  3.45053726165993169E+01  4.45293720004857434E+01  5.33387261956083023E+01  6.06931389837965298E+01  6.63920011557119381E+01  7.02798626071296439E+01  7.22506726125533447E+01  7.22506726125533447E+01  7.02798626071296439E+01  6.63920011557119381E+01  6.06931389837965298E+01  5.33387261956083023E+01  4.45293720004857434E+01  3.45053726165993169E+01  2.35401566165252696E+01  1.19328265085608489E+01  0.00000000000000000E+00
  1.31578947368421086E+03  0.00000000000000000E+00  1.18514524084117419E+01  2.33796280895526749E+01  3.42700684625524090E+01  4.42257107032947800E+01  5.29749908438747212E+01  6.02792513297283250E+01  6.59392509755875125E+01  6.98005997456311462E+01  7.17579701111974231E+01  7.17579701111974231E+01  6.98005997456311462E+01  6.59392509755875125E+01  6.02792513297283250E+01  5.29749908438747212E+01  4.42257107032947800E+01  3.42700684625524090E+01  2.33796280895526749E+01  1.18514524084117419E+01  0.00000000000000000E+00
  1.34320175438596539E+03  0.00000000000000000E+00  1.17706332265940397E+01  2.32201942625173743E+01  3.40363689294880700E+01  4.39241201782541708E+01  5.26137359301931369E+01  5.98681861197297209E+01  6.54895882566336240E+01  6.93246051445118070E+01  7.12686275198058468E+01  7.12686275198058468E+01  6.93246051445118070E+01  6.54895882566336240E+01  5.98681861197297209E+01  5.26137359301931369E+01  4.39241201782541708E+01  3.40363689294880700E+01  2.32201942625173743E+01  1.17706332265940397E+01  0.00000000000000000E+00
  1.37061403508771969E+03  0.00000000000000000E+00  1.16903651789263634E+01  2.30618476702792137E+01  3.38042630749369195E+01  4.36245863040473836E+01  5.22549445395925432E+01  5.94599241065715489E+01  6.50429919443771922E+01  6.88518565163657712E+01  7.07826219259823404E+01  7.07826219259823404E+01  6.88518565163657712E+01  6.50429919443771922E+01  5.94599241065715489E+01  5.22549445395925432E+01  4.36245863040473836E+01  3.38042630749369195E+01  2.30618476702792137E+01  1.16903651789263634E+01  0.00000000000000000E+00
  1.39802631578947421E+03  0.00000000000000000E+00  1.16106445070329851E+01  2.29045808986054276E+01  3.35737400310501073E+01  4.33270950556560592E+01  5.18985998724510011E+01  5.90544461742782119E+01  6.45994411279229297E+01  6.83823317257727723E+01  7.02999305735781945E+01  7.02999305735781945E+01  6.83823317257727723E+01  6.45994411279229297E+01  5.90544461742782119E+01  5.18985998724510011E+01  4.33270950556560592E+01  3.35737400310501073E+01  2.29045808986054276E+01  1.16106445070329851E+01  0.00000000000000000E+00
  1.42543859649122851E+03  0.00000000000000000E+00  1.15314674781678494E+01  2.27483865838234856E+01  3.33447890040904227E+01  4.30316325037033067E+01  5.15446852437090683E+01  5.86517333372325851E+01  6.41589150389742144E+01  6.79160087882616637E+01  6.98205308616268354E+01  6.98205308616268354E+01  6.79160087882616637E+01  6.41589150389742144E+01  5.86517333372325851E+01  5.15446852437090683E+01  4.30316325037033067E+01  3.33447890040904298E+01  2.27483865838234891E+01  1.15314674781678494E+01  0.00000000000000000E+00
  1.45285087719298281E+03  0.00000000000000000E+00  1.14528303850397961E+01  2.25932574124763121E+01  3.31173992739269067E+01  4.27381848138015243E+01  5.11931840820885071E+01  5.82517667392871132E+01  6.37213930508606694E+01  6.74528658692810978E+01  6.93444003432855425E+01  6.93444003432855425E+01  6.74528658692810978E+01  6.37213930508606694E+01  5.82517667392871132E+01  5.11931840820885071E+01  4.27381848138015243E+01  3.31173992739269138E+01  2.25932574124763121E+01  1.14528303850397961E+01  0.00000000000000000E+00
  1.48026315789473733E+03  0.00000000000000000E+00  1.13747295456389761E+01  2.24391861209798336E+01  3.28915601935329107E+01  4.24467382459046121E+01  5.08440799293164147E+01  5.78545276528808472E+01  6.32868546775723857E+01  6.69928812831770983E+01  6.88715167247844278E+01  6.88715167247844278E+01  6.69928812831770983E+01  6.32868546775723928E+01  5.78545276528808472E+01  5.08440799293164147E+01  4.24467382459046192E+01  3.28915601935329178E+01  2.24391861209798336E+01  1.13747295456389761E+01  0.00000000000000000E+00
  1.50767543859649163E+03  0.00000000000000000E+00  1.12971613030644455E+01  2.22861654952828872E+01  3.26672611884875650E+01  4.21572791536646392E+01  5.04973564393545757E+01  5.74599974781626202E+01  6.28552795728006828E+01  6.65360334921777508E+01  6.84018578643825919E+01  6.84018578643825919E+01  6.65360334921777508E+01  6.28552795728006828E+01  5.74599974781626273E+01  5.04973564393545757E+01  4.21572791536646463E+01  3.26672611884875721E+01  2.22861654952828907E+01  1.12971613030644455E+01  0.00000000000000000E+00
  1.53508771929824616E+03  0.00000000000000000E+00  1.12201220253529446E+01  2.21341883705294471E+01  3.24444917564806659E+01  4.18697939837928530E+01  5.01529973776341009E+01  5.70681577421201212E+01  6.24266475289854341E+01  6.60823011053846869E+01  6.79354017713313851E+01  6.79354017713313851E+01  6.60823011053846869E+01  6.24266475289854341E+01  5.70681577421201283E+01  5.01529973776341080E+01  4.18697939837928601E+01  3.24444917564806730E+01  2.21341883705294507E+01  1.12201220253529463E+01  0.00000000000000000E+00
  1.56250000000000045E+03  0.00000000000000000E+00  1.11436081053088341E+01  2.19832476307231275E+01  3.22232414668209088E+01  4.15842692754251146E+01  4.98109866202952958E+01  5.66789900977149443E+01  6.20009384763689155E+01  6.56316628777715465E+01  6.74721266048447035E+01  6.74721266048447035E+01  6.56316628777715465E+01  6.20009384763689226E+01  5.66789900977149514E+01  4.98109866202953029E+01  4.15842692754251289E+01  3.22232414668209159E+01  2.19832476307231310E+01  1.11436081053088358E+01  0.00000000000000000E+00
  1.58991228070175475E+03  0.00000000000000000E+00  1.10676159603351998E+01  2.18333362083939981E+01  3.20034999599475185E+01  4.13006916594916049E+01  4.94713081534326591E+01  5.62924763230235214E+01  6.15781324820560769E+01  6.51840977091891745E+01  6.70120106730764178E+01  6.70120106730764178E+01  6.51840977091891887E+01  6.15781324820560911E+01  5.62924763230235357E+01  4.94713081534326733E+01  4.13006916594916191E+01  3.20034999599475185E+01  2.18333362083940017E+01  1.10676159603351998E+01  0.00000000000000000E+00
  1.61732456140350928E+03  0.00000000000000000E+00  1.09921420322660985E+01  2.16844470842676778E+01  3.17852569469451609E+01  4.10190478580908433E+01  4.91339460723451111E+01  5.59085983203839447E+01  6.11582097490812089E+01  6.47395846433777109E+01  6.65550324321046105E+01  6.65550324321046105E+01  6.47395846433777251E+01  6.11582097490812231E+01  5.59085983203839589E+01  4.91339460723451253E+01  4.10190478580908575E+01  3.17852569469451645E+01  2.16844470842676813E+01  1.09921420322661003E+01  0.00000000000000000E+00
  1.64473684210526358E+03  0.00000000000000000E+00  1.09171827871999696E+01  2.15365732869366546E+01  3.15685022090622098E+01  4.07393246838679914E+01  4.87988845807912526E+01  5.55273381155485524E+01  6.07411506154810183E+01  6.42981028669853174E+01  6.61011704849228892E+01  6.61011704849228892E+01  6.42981028669853174E+01  6.07411506154810326E+01  5.55273381155485666E+01  4.87988845807912668E+01  4.07393246838680056E+01  3.15685022090622169E+01  2.15365732869366582E+01  1.09171827871999696E+01  0.00000000000000000E+00
  1.67214912280701810E+03  0.00000000000000000E+00  1.08427347153341493E+01  2.13897078925338704E+01  3.13532255972322673E+01  4.04615090393973631E+01  4.84661079902497605E+01  5.51486778568423404E+01  6.03269355533739784E+01  6.38596317085936391E+01  6.56504035804384927E+01  6.56504035804384927E+01  6.38596317085936391E+01  6.03269355533739855E+01  5.51486778568423546E+01  4.84661079902497747E+01  4.04615090393973702E+01  3.13532255972322744E+01  2.13897078925338775E+01  1.08427347153341493E+01  0.00000000000000000E+00
  1.69956140350877240E+03  0.00000000000000000E+00  1.07687943308005423E+01  2.12438440244085385E+01  3.11394170315989420E+01  4.01855879165691903E+01  4.81356007191848079E+01  5.47725998143271084E+01  5.99155451680459805E+01  6.34241506377499391E+01  6.52027106124772757E+01  6.52027106124772757E+01  6.34241506377499391E+01  5.99155451680459947E+01  5.47725998143271156E+01  4.81356007191848221E+01  4.01855879165691974E+01  3.11394170315989491E+01  2.12438440244085456E+01  1.07687943308005440E+01  0.00000000000000000E+00
  1.72697368421052693E+03  0.00000000000000000E+00  1.06953581715024058E+01  2.10989748528041403E+01  3.09270665010439032E+01  3.99115483959805317E+01  4.78073472923164786E+01  5.43990863789712478E+01  5.95069601970422539E+01  6.29916392640057836E+01  6.47580706187954434E+01  6.47580706187954434E+01  6.29916392640057836E+01  5.95069601970422610E+01  5.43990863789712620E+01  4.78073472923164928E+01  3.99115483959805459E+01  3.09270665010439103E+01  2.10989748528041474E+01  1.06953581715024093E+01  0.00000000000000000E+00
  1.75438596491228122E+03  0.00000000000000000E+00  1.06224227989522380E+01  2.09550935945386456E+01  3.07161640627181214E+01  3.96393776463303595E+01  4.74813323398961842E+01  5.40281200618253052E+01  5.91011615092653813E+01  6.25620773359623144E+01  6.43164627800980213E+01  6.43164627800980213E+01  6.25620773359623144E+01  5.91011615092653955E+01  5.40281200618253195E+01  4.74813323398961984E+01  3.96393776463303738E+01  3.07161640627181285E+01  2.09550935945386527E+01  1.06224227989522415E+01  0.00000000000000000E+00
  1.78179824561403552E+03  0.00000000000000000E+00  1.05499847981107813E+01  2.08121935126869140E+01  3.05066998415763138E+01  3.93690629238187597E+01  4.71575405969870047E+01  5.36596834932030475E+01  5.86981301040795955E+01  6.21354447403220078E+01  6.38778664190640910E+01  6.38778664190640910E+01  6.21354447403220149E+01  5.86981301040796097E+01  5.36596834932030617E+01  4.71575405969870189E+01  3.93690629238187668E+01  3.05066998415763209E+01  2.08121935126869175E+01  1.05499847981107848E+01  0.00000000000000000E+00
  1.80921052631579005E+03  0.00000000000000000E+00  1.04780407772271182E+01  2.06702679162652316E+01  3.02986640299145762E+01  3.91005915715502113E+01  4.68359569027489542E+01  5.32937594218681738E+01  5.82978471104210598E+01  6.17117215009469220E+01  6.34422609993785684E+01  6.34422609993785755E+01  6.17117215009469362E+01  5.82978471104210740E+01  5.32937594218681880E+01  4.68359569027489684E+01  3.91005915715502184E+01  3.02986640299145833E+01  2.06702679162652352E+01  1.04780407772271218E+01  0.00000000000000000E+00
  1.83662280701754435E+03  0.00000000000000000E+00  1.04065873676798670E+01  2.05293101599180403E+01  3.00920468869111488E+01  3.88339510189409864E+01  4.65165661997290698E+01  5.29303307142265922E+01  5.79002937859143003E+01  6.12908877779233663E+01  6.30096261247706622E+01  6.30096261247706622E+01  6.12908877779233805E+01  5.79002937859143145E+01  5.29303307142266064E+01  4.65165661997290840E+01  3.88339510189409935E+01  3.00920468869111559E+01  2.05293101599180439E+01  1.04065873676798688E+01  0.00000000000000000E+00
  1.86403508771929887E+03  0.00000000000000000E+00  1.03356212238194445E+01  2.03893136436067728E+01  2.98868387381703329E+01  3.85691287811305443E+01  4.61993535331564260E+01  5.25693803535241386E+01  5.75054515159946362E+01  6.08729238666329238E+01  6.25799415380588400E+01  6.25799415380588471E+01  6.08729238666329309E+01  5.75054515159946504E+01  5.25693803535241528E+01  4.61993535331564402E+01  3.85691287811305585E+01  2.98868387381703364E+01  2.03893136436067763E+01  1.03356212238194445E+01  0.00000000000000000E+00
  1.89144736842105317E+03  0.00000000000000000E+00  1.02651390228114145E+01  2.02502718123008307E+01  2.96830299752694948E+01  3.83061124583969601E+01  4.58843040502418802E+01  5.22108914390498313E+01  5.71133018130365855E+01  6.04578101968298327E+01  6.21531871202023609E+01  6.21531871202023680E+01  6.04578101968298398E+01  5.71133018130365997E+01  5.22108914390498455E+01  4.58843040502418944E+01  3.83061124583969743E+01  2.96830299752695019E+01  2.02502718123008343E+01  1.02651390228114163E+01  0.00000000000000000E+00
  1.91885964912280770E+03  0.00000000000000000E+00  1.01951374644809150E+01  2.01121781556706409E+01  2.94806110553091969E+01  3.80448897355763265E+01  4.55714029994826362E+01  5.18548471853445321E+01  5.67238263154882105E+01  6.00455273317246565E+01  6.17293428893592306E+01  6.17293428893592306E+01  6.00455273317246636E+01  5.67238263154882247E+01  5.18548471853445463E+01  4.55714029994826504E+01  3.80448897355763336E+01  2.94806110553092040E+01  2.01121781556706480E+01  1.01951374644809167E+01  0.00000000000000000E+00
  1.94627192982456199E+03  0.00000000000000000E+00  1.01256132711581177E+01  1.99750262077828467E+01  2.92795725004663403E+01  3.77854483814861197E+01  4.52606357299715327E+01  5.15012309214149795E+01  5.63370067870114042E+01  5.96360559670741850E+01  6.13083889999505871E+01  6.13083889999505871E+01  5.96360559670741992E+01  5.63370067870114184E+01  5.15012309214149937E+01  4.52606357299715469E+01  3.77854483814861339E+01  2.92795725004663474E+01  1.99750262077828538E+01  1.01256132711581195E+01  0.00000000000000000E+00
  1.97368421052631629E+03  0.00000000000000000E+00  1.00565631875247696E+01  1.98388095467975383E+01  2.90799048975504135E+01  3.75277762483525308E+01  4.49519876907110429E+01  5.11500260899532222E+01  5.59528251156279950E+01  5.92293769302775885E+01  6.08903057417314884E+01  6.08903057417314884E+01  5.92293769302776028E+01  5.59528251156280092E+01  5.11500260899532364E+01  4.49519876907110572E+01  3.75277762483525379E+01  2.90799048975504206E+01  1.98388095467975418E+01  1.00565631875247732E+01  0.00000000000000000E+00
  2.00109649122807082E+03  0.00000000000000000E+00  9.98798398046177027E+00  1.97035217946675658E+01  2.88815988975627249E+01  3.72718612712416331E+01  4.46454444299319562E+01  5.08012162465613670E+01  5.55712633128717002E+01  5.88254711794786687E+01  6.04750735388680170E+01  6.04750735388680170E+01  5.88254711794786758E+01  5.55712633128717144E+01  5.08012162465613812E+01  4.46454444299319704E+01  3.72718612712416402E+01  2.88815988975627320E+01  1.97035217946675694E+01  9.98798398046177205E+00  0.00000000000000000E+00
  2.02850877192982512E+03  0.00000000000000000E+00  9.91987243889777659E+00  1.95691566168399049E+01  2.86846452152586622E+01  3.70176914674944868E+01  4.43409915944167281E+01  5.04547850589815994E+01  5.51923035129458555E+01  5.84243198026742618E+01  6.00626729490206799E+01  6.00626729490206799E+01  5.84243198026742689E+01  5.51923035129458697E+01  5.04547850589816136E+01  4.43409915944167423E+01  3.70176914674944939E+01  2.86846452152586693E+01  1.95691566168399120E+01  9.91987243889777837E+00  0.00000000000000000E+00
  2.05592105263157964E+03  0.00000000000000000E+00  9.85222537365886453E+00  1.94357077219590622E+01  2.84890346287129290E+01  3.67652549361660874E+01  4.40386149288273856E+01  5.01107163063314474E+01  5.48159279718868930E+01  5.80259040168287612E+01  5.96530846624340754E+01  5.96530846624340754E+01  5.80259040168287754E+01  5.48159279718869072E+01  5.01107163063314616E+01  4.40386149288273998E+01  3.67652549361661016E+01  2.84890346287129361E+01  1.94357077219590693E+01  9.85222537365886808E+00  0.00000000000000000E+00
  2.08333333333333394E+03  0.00000000000000000E+00  9.78503961731919780E+00  1.93031688615724804E+01  2.82947579788877519E+01  3.65145398574681224E+01  4.37383002750380783E+01  4.97689938783442898E+01  5.44421190667334969E+01  5.76302051669946209E+01  5.92462895010327486E+01  5.92462895010327486E+01  5.76302051669946351E+01  5.44421190667335111E+01  4.97689938783443040E+01  4.37383002750380925E+01  3.65145398574681366E+01  2.82947579788877590E+01  1.93031688615724875E+01  9.78503961731920135E+00  0.00000000000000000E+00
  2.11074561403508824E+03  0.00000000000000000E+00  9.71831202405271810E+00  1.91715338298379763E+01  2.81018061692040249E+01  3.62655344922155223E+01  4.34400335714721422E+01  4.94296017746150369E+01  5.40708592947014779E+01  5.72372047254388718E+01  5.88422684175232149E+01  5.88422684175232220E+01  5.72372047254388860E+01  5.40708592947014921E+01  4.94296017746150511E+01  4.34400335714721564E+01  3.62655344922155294E+01  2.81018061692040355E+01  1.91715338298379834E+01  9.71831202405272165E+00  0.00000000000000000E+00
  2.13815789473684254E+03  0.00000000000000000E+00  9.65203946948585312E+00  1.90407964632331748E+01  2.79101701651153888E+01  3.60182271812767993E+01  4.31438008524437109E+01  4.90925241038509199E+01  5.37021312723642126E+01  5.68468842907756056E+01  5.84410024945021291E+01  5.84410024945021362E+01  5.68468842907756198E+01  5.37021312723642268E+01  4.90925241038509341E+01  4.31438008524437251E+01  3.60182271812768136E+01  2.79101701651153959E+01  1.90407964632331819E+01  9.65203946948585667E+00  0.00000000000000000E+00
  2.16557017543859729E+03  0.00000000000000000E+00  9.58621885055121936E+00  1.89109506402668970E+01  2.77198409936851888E+01  3.57726063450281728E+01  4.28495882475037888E+01  4.87577450831274390E+01  5.33359177348387377E+01  5.64592255871043847E+01  5.80424729435705018E+01  5.80424729435705018E+01  5.64592255871043989E+01  5.33359177348387519E+01  4.87577450831274533E+01  4.28495882475038030E+01  3.57726063450281870E+01  2.77198409936851959E+01  1.89109506402669041E+01  9.58621885055122291E+00  0.00000000000000000E+00
  2.19298245614035159E+03  0.00000000000000000E+00  9.52084708534233393E+00  1.87819902811925488E+01  2.75308097431663619E+01  3.55286604828113326E+01  4.25573819807907938E+01  4.84252490371493494E+01  5.29722015349773230E+01  5.60742104631545004E+01  5.76466611044539690E+01  5.76466611044539761E+01  5.60742104631545146E+01  5.29722015349773372E+01  4.84252490371493636E+01  4.25573819807908080E+01  3.55286604828113468E+01  2.75308097431663725E+01  1.87819902811925559E+01  9.52084708534233748E+00  0.00000000000000000E+00
  2.22039473684210589E+03  0.00000000000000000E+00  9.45592111296930327E+00  1.86539093477234488E+01  2.73430675625841531E+01  3.52863781723949543E+01  4.22671683703855692E+01  4.80950203975167057E+01  5.26109656425646222E+01  5.56918208914350714E+01  5.72535484441291018E+01  5.72535484441291089E+01  5.56918208914350856E+01  5.26109656425646364E+01  4.80950203975167199E+01  4.22671683703855834E+01  3.52863781723949685E+01  2.73430675625841602E+01  1.86539093477234559E+01  9.45592111296930682E+00  0.00000000000000000E+00
  2.24780701754386018E+03  0.00000000000000000E+00  9.39143789341551383E+00  1.85267018427500894E+01  2.71566056613216773E+01  3.50457480694399095E+01  4.19789338276707014E+01  4.77670437019959024E+01  5.22521931435202589E+01  5.53120389673909685E+01  5.68631165559555996E+01  5.68631165559555996E+01  5.53120389673909756E+01  5.22521931435202731E+01  4.77670437019959166E+01  4.19789338276707156E+01  3.50457480694399237E+01  2.71566056613216844E+01  1.85267018427500929E+01  9.39143789341551738E+00  0.00000000000000000E+00
  2.27521929824561494E+03  0.00000000000000000E+00  9.32739440739527836E+00  1.84003618100593442E+01  2.69714153087083375E+01  3.48067589069680494E+01  4.16926648566943072E+01  4.74413035937956948E+01  5.18958672391068490E+01  5.49348469085644524E+01  5.64753471588144436E+01  5.64753471588144436E+01  5.49348469085644524E+01  5.18958672391068632E+01  4.74413035937957090E+01  4.16926648566943214E+01  3.48067589069680636E+01  2.69714153087083446E+01  1.84003618100593478E+01  9.32739440739528192E+00  0.00000000000000000E+00
  2.30263157894736923E+03  0.00000000000000000E+00  9.26378765621247524E+00  1.82748833340555770E+01  2.67874878336110172E+01  3.45693994948346841E+01  4.14083480535380914E+01  4.71177848208481365E+01  5.15419712451434577E+01  5.45602270537625458E+01  5.60902220962519493E+01  5.60902220962519493E+01  5.45602270537625529E+01  5.15419712451434719E+01  4.71177848208481507E+01  4.14083480535381057E+01  3.45693994948346983E+01  2.67874878336110243E+01  1.82748833340555805E+01  9.26378765621247879E+00  0.00000000000000000E+00
  2.33004385964912353E+03  0.00000000000000000E+00  9.20061466162013275E+00  1.81502605394836607E+01  2.66048146240280730E+01  3.43336587192046210E+01  4.11259701056897526E+01  4.67964722350944555E+01  5.11904885912244012E+01  5.41881618622301247E+01  5.57077233356295949E+01  5.57077233356296020E+01  5.41881618622301318E+01  5.11904885912244083E+01  4.67964722350944697E+01  4.11259701056897669E+01  3.43336587192046352E+01  2.66048146240280801E+01  1.81502605394836678E+01  9.20061466162013453E+00  0.00000000000000000E+00
  2.35745614035087783E+03  0.00000000000000000E+00  9.13787246568098155E+00  1.80264875911538809E+01  2.64233871266861087E+01  3.40995255420317704E+01  4.08455177914196454E+01  4.64773507917757627E+01  5.08414028199433474E+01  5.38186339128285596E+01  5.53278329672797327E+01  5.53278329672797327E+01  5.38186339128285667E+01  5.08414028199433545E+01  4.64773507917757769E+01  4.08455177914196597E+01  3.40995255420317775E+01  2.64233871266861158E+01  1.80264875911538880E+01  9.13787246568098510E+00  0.00000000000000000E+00
  2.38486842105263213E+03  0.00000000000000000E+00  9.07555813062896100E+00  1.79035586936687139E+01  2.62431968466394672E+01  3.38669890005423255E+01  4.05669779791617060E+01  4.61604055487286331E+01  5.04946975861227543E+01  5.34516259032200480E+01  5.49505332036669358E+01  5.49505332036669429E+01  5.34516259032200551E+01  5.04946975861227614E+01  4.61604055487286402E+01  4.05669779791617202E+01  3.38669890005423326E+01  2.62431968466394743E+01  1.79035586936687210E+01  9.07555813062896455E+00  0.00000000000000000E+00
  2.41228070175438688E+03  0.00000000000000000E+00  9.01366873873165986E+00  1.77814680911514635E+01  2.60642353468724934E+01  3.36360382067214587E+01  4.02903376268985909E+01  4.58456216656854281E+01  5.01503566560485439E+01  5.30871206490574465E+01  5.45758063785552139E+01  5.45758063785552210E+01  5.30871206490574536E+01  5.01503566560485581E+01  4.58456216656854423E+01  4.02903376268986051E+01  3.36360382067214658E+01  2.60642353468725005E+01  1.77814680911514706E+01  9.01366873873166341E+00  0.00000000000000000E+00
  2.43969298245614118E+03  0.00000000000000000E+00  8.95220139215369670E+00  1.76602100669767701E+01  2.58864942479044764E+01  3.34066623468035004E+01  4.00155837815510154E+01  4.55329844035794977E+01  4.98083639067099924E+01  5.27251010831796663E+01  5.42036349461807703E+01  5.42036349461807774E+01  5.27251010831796734E+01  4.98083639067099995E+01  4.55329844035795119E+01  4.00155837815510296E+01  3.34066623468035075E+01  2.58864942479044835E+01  1.76602100669767772E+01  8.95220139215370025E+00  0.00000000000000000E+00
  2.46710526315789548E+03  0.00000000000000000E+00  8.89115321282104176E+00  1.75397789435029274E+01  2.57099652273973049E+01  3.31788506807656205E+01  3.97427035783712554E+01  4.52224791238550026E+01  4.94687033250447854E+01  5.23655502548125256E+01  5.38340014804304943E+01  5.38340014804305014E+01  5.23655502548125327E+01  4.94687033250447996E+01  4.52224791238550097E+01  3.97427035783712697E+01  3.31788506807656347E+01  2.57099652273973120E+01  1.75397789435029345E+01  8.89115321282104532E+00  0.00000000000000000E+00
  2.49451754385964978E+03  0.00000000000000000E+00  8.83052134228625363E+00  1.74201690818060513E+01  2.55346400197657886E+01  3.29525925418249486E+01  3.94716842403407853E+01  4.49140912877815097E+01  4.91313590071892747E+01  5.20084513287750809E+01  5.34668886740260021E+01  5.34668886740260092E+01  5.20084513287750951E+01  4.91313590071892889E+01  4.49140912877815239E+01  3.94716842403407924E+01  3.29525925418249628E+01  2.55346400197657992E+01  1.74201690818060584E+01  8.83052134228625718E+00  0.00000000000000000E+00
  2.52192982456140408E+03  0.00000000000000000E+00  8.77030294159463963E+00  1.73013748814160380E+01  2.53605104157906425E+01  3.27278773359391195E+01  3.92025130775720072E+01  4.46078064557732716E+01  4.87963151577337868E+01  5.16537875846913579E+01  5.31022793377132700E+01  5.31022793377132771E+01  5.16537875846913721E+01  4.87963151577338010E+01  4.46078064557732858E+01  3.92025130775720214E+01  3.27278773359391266E+01  2.53605104157906567E+01  1.73013748814160451E+01  8.77030294159464319E+00  0.00000000000000000E+00
  2.54934210526315883E+03  0.00000000000000000E+00  8.71049519115132931E+00  1.71833907800543386E+01  2.51875682622341088E+01  3.25046945413102222E+01  3.89351774867141032E+01  4.43036102867130808E+01  4.84635560889830543E+01  5.13015424162074396E+01  5.27401563994577955E+01  5.27401563994578026E+01  5.13015424162074538E+01  4.84635560889830685E+01  4.43036102867130950E+01  3.89351774867141103E+01  3.25046945413102293E+01  2.51875682622341230E+01  1.71833907800543457E+01  8.71049519115133286E+00  0.00000000000000000E+00
  2.57675438596491313E+03  0.00000000000000000E+00  8.65109529058925020E+00  1.70662112533735275E+01  2.50158054614581928E+01  3.22830337078921659E+01  3.86696649503628791E+01  4.40014885372808280E+01  4.81330662202216573E+01  5.09516993302139340E+01  5.23805029036452083E+01  5.23805029036452154E+01  5.09516993302139412E+01  4.81330662202216715E+01  4.40014885372808422E+01  3.86696649503628862E+01  3.22830337078921730E+01  2.50158054614582070E+01  1.70662112533735382E+01  8.65109529058925375E+00  0.00000000000000000E+00
  2.60416666666666742E+03  0.00000000000000000E+00  8.59210045863800786E+00  1.69498308146986254E+01  2.48452139710455207E+01  3.20628844569013509E+01  3.84059630364746880E+01  4.37014270612865516E+01  4.78048300769845156E+01  5.06042419460736852E+01  5.20233020102873951E+01  5.20233020102873951E+01  5.06042419460736923E+01  4.78048300769845298E+01  4.37014270612865587E+01  3.84059630364746951E+01  3.20628844569013580E+01  2.48452139710455313E+01  1.69498308146986361E+01  8.59210045863801142E+00  0.00000000000000000E+00
  2.63157894736842172E+03  0.00000000000000000E+00  8.53350793299366117E+00  1.68342440147701957E+01  2.46757858034227553E+01  3.18442364803307285E+01  3.81440593977843179E+01  4.34034118090080767E+01  4.74788322903323206E+01  5.02591539948548203E+01  5.16685369942339676E+01  5.16685369942339676E+01  5.02591539948548274E+01  4.74788322903323277E+01  4.34034118090080838E+01  3.81440593977843250E+01  3.18442364803307356E+01  2.46757858034227624E+01  1.68342440147702028E+01  8.53350793299366472E+00  0.00000000000000000E+00
  2.65899122807017602E+03  0.00000000000000000E+00  8.47531497018938040E+00  1.67194454414892029E+01  2.45075130254866096E+01  3.16270795404671325E+01  3.78839417712268585E+01  4.31074288265331944E+01  4.71550575961318827E+01  4.99164193185689840E+01  5.13161912443891808E+01  5.13161912443891808E+01  4.99164193185689840E+01  4.71550575961318899E+01  4.31074288265332086E+01  3.78839417712268656E+01  3.16270795404671397E+01  2.45075130254866167E+01  1.67194454414892064E+01  8.47531497018938396E+00  0.00000000000000000E+00
  2.68640350877193077E+03  0.00000000000000000E+00  8.41751884546699003E+00  1.66054297196635972E+01  2.43403877582323886E+01  3.14114034694119333E+01  3.76255979773635119E+01  4.28134642551062825E+01  4.68334908343414895E+01  4.95760218694147596E+01  5.09662482629341298E+01  5.09662482629341298E+01  4.95760218694147596E+01  4.68334908343414895E+01  4.28134642551062967E+01  3.76255979773635190E+01  3.14114034694119404E+01  2.43403877582323958E+01  1.66054297196636043E+01  8.41751884546699358E+00  0.00000000000000000E+00
  2.71381578947368507E+03  0.00000000000000000E+00  8.36011685264939430E+00  1.64921915107566441E+01  2.41744021763850760E+01  3.11971981686049418E+01  3.73690159198113108E+01  4.25215043304793880E+01  4.65141169483010088E+01  4.92379457090262846E+01  5.06186916645542908E+01  5.06186916645542908E+01  4.92379457090262846E+01  4.65141169483010088E+01  4.25215043304794023E+01  3.73690159198113179E+01  3.11971981686049489E+01  2.41744021763850832E+01  1.64921915107566477E+01  8.36011685264939786E+00  0.00000000000000000E+00
